4 32 20 160 200 1600
48 974 6 528
220
1 243 4 20
1 304 7 21
1 527 5 20
0 481 5 25
1 492 5 24
1 317 7 26
1 312 5 27
1 302 7 29
1 347 6 20
1 207 4 28
1 210 6 21
1 595 6 22
0 282 4 25
1 317 4 21
1 599 7 25
1 382 5 21
0 290 6 25
1 469 6 25
1 358 5 23
1 314 6 24
1 276 4 20
1 209 6 29
0 363 6 28
1 354 6 26
1 256 4 23
0 311 6 27
1 447 7 23
1 367 6 20
0 438 5 23
1 504 7 20
1 433 5 23
1 224 6 24
1 497 4 27
0 548 5 23
1 341 7 22
0 453 5 23
1 395 6 23
1 210 5 22
1 421 4 28
1 367 6 24
1 515 7 26
1 280 4 21
1 247 4 23
1 552 4 24
1 463 4 21
1 312 5 22
1 433 4 28
1 227 7 21
1 356 7 22
1 561 4 27
1 421 6 26
1 334 7 22
0 599 5 23
0 347 7 27
1 331 4 23
1 412 6 29
1 325 6 26
1 262 4 28
1 588 4 28
0 466 4 29
1 303 6 29
1 314 7 27
1 457 6 29
1 396 7 27
0 592 7 22
1 556 4 23
1 387 6 29
0 464 4 22
0 319 7 26
1 371 4 25
1 367 6 28
0 337 4 20
1 532 4 29
1 209 4 22
1 460 6 28
1 275 7 27
1 332 4 23
1 593 6 27
1 306 6 22
1 530 7 26
1 422 7 26
1 488 5 29
1 416 7 27
1 323 6 21
0 229 4 21
1 260 5 28
1 381 7 28
0 512 7 23
0 384 7 24
1 314 4 26
0 385 4 29
1 313 5 25
0 224 6 29
0 474 4 24
1 200 6 23
1 369 5 28
1 409 5 23
0 420 4 22
1 502 6 22
1 588 6 22
1 285 4 29
1 406 4 21
0 511 7 23
0 475 4 24
1 497 4 25
1 515 4 25
1 444 5 24
1 350 4 22
0 501 4 28
0 380 4 27
0 540 7 25
0 442 7 22
0 544 5 20
1 205 5 26
1 434 6 24
1 515 4 23
1 492 7 23
1 272 7 26
1 558 4 24
1 381 6 26
1 211 5 22
1 566 7 22
1 222 6 23
1 528 6 22
0 278 6 29
1 420 6 20
1 446 7 23
1 201 7 20
1 363 7 27
1 509 4 23
1 242 4 23
1 243 6 20
1 428 4 25
1 504 4 21
1 249 4 24
1 362 5 28
1 294 4 23
0 583 7 22
1 373 6 25
1 438 6 29
1 346 7 22
1 286 6 28
0 238 7 25
1 250 5 23
1 405 5 23
0 538 5 23
1 404 6 21
0 241 4 26
1 557 6 27
1 339 5 22
1 491 6 29
1 298 6 29
1 440 6 22
1 577 6 29
1 364 4 22
1 273 6 29
1 258 7 25
1 383 6 21
1 562 7 24
1 446 6 24
1 342 6 22
1 395 4 26
1 284 5 29
0 271 7 29
1 587 7 20
1 584 5 25
1 545 6 22
0 350 7 29
0 543 7 29
0 395 5 24
1 417 7 23
1 436 5 26
1 580 6 21
1 513 7 27
1 546 5 27
1 578 7 23
0 431 6 23
1 281 5 20
0 598 6 22
0 389 6 24
1 580 4 26
1 290 7 21
0 419 5 24
1 577 7 25
1 587 6 21
1 421 6 20
0 435 6 24
1 364 6 27
1 459 7 24
1 389 6 27
1 252 4 26
1 475 7 27
0 278 4 21
1 442 6 21
1 548 7 26
0 278 7 25
1 411 5 29
1 454 6 26
1 490 5 29
1 461 5 20
0 406 5 22
0 594 5 22
1 483 5 25
1 451 6 24
0 268 6 24
1 421 6 23
1 548 6 28
1 506 5 24
1 545 7 26
1 530 5 26
1 349 4 25
1 275 4 29
1 535 7 21
1 220 4 25
1 320 7 26
1 551 5 28
1 544 7 22
1 456 4 21
1 514 7 29
1 320 0 0