5 302 69 4165 129 7764
7 1512 193 38821
600
1 1561 7 79
1 2130 3 74
1 1615 8 71
1 1928 7 87
1 2056 2 60
1 2121 8 89
1 1730 2 69
0 1533 6 66
0 2013 2 74
1 1590 6 50
1 1591 3 64
1 2117 7 54
0 2043 7 68
1 1646 7 66
0 1834 8 80
1 1822 2 76
1 1708 4 57
1 1618 5 66
0 1547 5 75
0 1875 2 85
1 1778 6 64
0 1461 4 60
1 1621 8 54
1 1440 5 86
1 1469 6 85
1 2006 6 65
1 1629 5 68
1 2154 7 65
1 1784 5 80
1 1457 8 65
0 2018 6 70
1 1658 6 77
1 1965 8 61
1 2013 6 88
1 1600 4 73
1 1787 7 66
1 2166 3 63
1 1443 7 57
0 1601 5 64
1 1819 2 65
1 1730 7 64
1 1630 5 61
0 1650 4 55
1 1563 2 51
1 1474 8 70
0 2198 7 79
1 1506 8 72
0 1573 4 69
1 1430 6 88
1 1407 4 53
1 2095 2 88
1 1818 7 89
1 1626 3 60
1 1748 6 65
1 2014 3 86
1 2091 5 77
1 1656 3 58
1 1735 4 88
0 1950 5 51
1 1638 4 53
1 1687 6 86
1 2055 4 66
0 1419 8 77
1 1507 4 84
0 1680 4 88
1 1673 6 88
1 1707 4 75
1 1483 3 63
1 1434 6 81
0 1751 8 55
0 1744 4 74
1 1723 4 64
0 1894 6 57
1 1915 3 83
1 1828 8 71
1 1766 7 59
1 1770 3 89
0 1632 8 67
1 2105 7 76
1 2071 7 50
1 1974 3 54
1 1931 5 77
0 1693 5 65
1 1614 2 75
1 1671 4 66
1 1733 2 54
0 1612 2 85
1 1706 6 59
1 1647 8 53
0 1849 4 66
1 2014 4 58
0 1668 5 86
1 1912 7 89
1 2191 5 50
0 1944 7 72
0 2048 7 81
1 1403 8 63
0 2083 5 65
1 2073 6 80
1 1749 8 86
0 1593 4 56
1 1431 7 82
1 1511 7 68
1 2006 6 74
0 2195 2 53
0 1822 3 77
1 1923 4 58
1 2188 6 64
0 1554 8 87
1 2002 5 72
1 2193 6 74
1 1439 8 75
1 1920 5 77
0 1975 6 73
0 1914 3 53
1 2089 8 89
0 2135 6 52
0 1711 4 75
1 1958 6 58
0 1596 5 53
1 1598 3 82
0 1868 8 55
1 1718 2 75
1 1574 2 86
1 1824 5 76
1 1741 2 52
1 1450 4 56
1 1945 8 85
1 1889 7 81
1 2049 8 51
0 1742 6 63
1 1895 8 55
1 1894 7 57
0 1500 8 83
1 1792 3 61
1 1607 5 54
1 2046 5 87
1 1880 5 51
1 1968 8 89
0 1942 2 55
1 2113 5 85
1 1686 7 78
0 1805 6 87
1 1772 5 51
1 1574 3 50
0 2010 6 85
1 1608 7 69
1 1680 8 78
1 1844 3 84
1 1500 7 61
1 1482 8 81
1 2069 5 88
0 2162 3 83
1 1665 3 86
1 1541 6 51
1 1745 3 77
0 1757 4 67
1 1797 8 71
1 1755 7 52
1 1699 6 53
1 1812 5 67
1 2180 6 66
1 1501 8 83
1 2061 8 75
1 1512 3 62
0 1406 7 67
0 2037 6 87
1 1771 6 85
1 1712 6 73
1 1809 5 70
1 1680 3 80
1 2123 7 89
1 1530 7 87
0 2071 4 62
0 1433 2 74
1 2179 7 65
1 1771 5 62
0 1538 6 61
1 1893 8 74
1 1612 4 51
1 1901 8 55
0 2019 6 61
0 1725 8 84
1 1959 6 87
1 1973 2 75
1 2188 5 81
1 1607 2 60
1 1939 8 58
1 1860 8 57
1 1834 2 58
0 2007 5 88
0 2152 5 77
1 1880 6 73
0 2069 2 56
1 1929 2 64
0 1671 3 77
0 1797 2 79
1 1875 5 67
1 1512 4 66
0 1897 7 77
1 1714 4 63
1 2059 5 79
0 1948 2 53
1 1687 5 70
1 2070 5 55
1 2053 4 72
0 2113 2 72
0 1448 8 72
1 2173 5 83
1 1968 4 63
1 1677 3 68
1 1564 7 85
0 2054 2 79
1 2098 7 87
1 2070 4 63
0 1685 2 77
0 1604 4 74
0 2038 4 73
1 1979 6 84
1 1619 5 76
1 1485 2 63
1 1464 3 86
1 1487 7 52
1 1954 4 73
1 1729 7 55
0 1558 6 82
1 1677 6 77
1 2076 2 52
1 1770 6 73
1 1784 8 64
1 1789 8 57
0 2009 5 82
1 1432 2 64
1 1589 3 52
0 2140 6 63
0 1578 2 71
0 2107 6 82
1 1662 7 55
1 1402 2 64
0 2051 7 74
1 1443 8 70
1 1691 7 76
1 1669 7 75
1 1541 8 62
1 1483 8 68
1 2102 4 59
1 1820 7 51
1 1788 2 75
1 1725 4 64
1 1541 5 58
1 1723 5 82
1 1526 5 77
0 1847 2 58
1 1826 3 89
1 1943 3 71
1 1470 8 74
0 1654 4 50
1 2056 6 68
1 1540 7 79
0 2105 4 55
0 1666 8 78
0 2045 6 62
0 1525 8 85
0 1640 5 86
1 1848 2 64
1 1531 5 60
1 1762 6 62
1 2057 2 77
1 1618 4 56
1 1673 3 51
1 2128 2 81
0 1495 6 85
0 1825 5 86
0 2038 3 61
1 1556 5 66
1 1891 4 87
0 1472 8 68
0 1924 6 74
1 1836 4 86
0 2111 6 62
1 2100 3 70
1 1560 7 55
0 2177 6 59
1 1785 2 52
0 1904 3 83
1 1768 8 50
0 1612 8 80
0 1662 7 54
1 1445 6 60
0 1889 3 62
1 1910 3 72
1 1446 7 59
1 1685 2 79
1 1862 8 88
0 1421 8 67
1 1873 4 81
0 1999 4 86
0 1468 3 76
1 1466 5 51
0 1584 8 52
1 1937 5 67
1 1786 3 72
0 1506 5 50
1 1630 6 54
1 1588 3 81
0 1464 3 64
1 1652 4 71
1 1951 2 86
1 1490 4 81
1 1489 4 88
0 1893 5 69
1 1667 7 83
0 1508 2 54
1 1898 3 56
1 1879 4 82
0 2177 4 67
1 1400 3 53
1 1539 8 61
1 1493 6 78
1 2142 4 75
1 2153 3 63
1 1901 4 61
1 1817 5 73
1 2185 4 68
1 1821 5 89
1 1552 4 66
1 1476 5 69
0 1870 3 69
0 2114 4 58
0 1957 7 66
0 1851 8 51
1 1797 4 83
1 1836 2 83
0 1653 2 66
1 1944 5 50
0 1564 8 73
1 1790 6 71
1 1629 4 51
1 2030 8 81
1 1545 3 64
1 2000 2 86
1 1731 5 82
0 2004 4 54
0 2155 6 82
0 1566 3 63
1 1754 8 70
1 1997 3 65
0 1893 5 67
1 1785 2 88
1 1702 8 87
0 1625 4 88
1 2092 3 57
0 1587 3 50
1 1886 2 78
0 1829 3 50
1 1441 6 74
1 2110 5 62
1 2121 7 80
0 1776 2 57
1 2167 3 70
1 2142 8 87
1 1581 5 78
0 1400 8 58
1 1791 2 78
1 2193 5 79
1 2062 5 70
1 2151 3 80
1 1624 4 65
1 1575 2 72
1 1489 5 68
1 1693 7 76
0 2020 4 76
0 2054 2 54
1 1832 8 76
1 1865 6 81
1 1788 8 73
1 2175 7 86
1 1860 7 68
1 1626 8 89
1 2034 7 84
0 1435 5 72
0 1544 6 65
0 2081 8 75
1 1813 4 84
0 2074 7 80
1 1710 6 50
0 1907 4 52
1 1978 6 73
1 2117 7 82
1 1541 3 64
1 1615 8 82
1 1833 8 57
0 1903 8 68
1 1881 6 53
0 1859 2 59
1 1506 6 80
1 2034 4 52
1 1484 4 81
0 1968 7 82
1 1741 4 75
0 1802 2 72
0 2191 8 79
1 1913 8 74
1 2183 7 75
1 1559 5 79
0 1843 8 89
1 1477 6 61
1 2128 4 66
1 1821 2 55
1 1827 6 75
1 1649 4 81
1 2072 5 72
1 1925 7 55
1 2162 2 84
1 2026 6 69
1 1830 6 76
0 1532 5 54
0 1893 3 78
1 1672 4 69
0 2022 7 62
1 1748 5 84
1 1779 7 65
1 1737 2 62
1 1518 5 57
1 1863 5 60
1 1956 4 56
1 1526 2 58
0 2121 3 56
1 1811 5 52
1 1667 8 56
0 1967 3 56
1 1938 6 63
1 1502 2 78
0 1941 5 68
0 1945 4 57
0 1416 3 53
1 1686 5 65
1 1704 4 71
1 2173 6 68
0 1909 3 81
1 1754 3 70
1 1750 2 54
1 1737 4 69
0 1505 5 58
1 2153 5 75
1 1591 4 67
1 1693 5 51
1 1674 8 87
1 1565 2 70
1 1504 6 64
1 1437 5 71
0 1669 3 51
1 1614 8 63
1 2099 2 83
1 1645 5 52
1 1603 5 74
0 1628 3 68
1 2026 8 86
0 2010 4 82
1 1775 7 82
1 1511 7 60
1 1992 5 78
1 1453 6 66
0 2187 5 82
0 1536 4 87
0 1523 4 75
1 1644 7 58
1 1916 6 56
1 2105 5 53
1 1712 5 60
1 1836 5 63
1 1942 2 58
1 2093 5 86
1 1767 4 71
1 1665 6 52
0 1671 4 82
0 1712 5 84
1 1558 4 84
1 1997 2 68
0 1963 8 87
1 1502 5 86
0 2085 6 84
1 1731 5 86
1 2005 8 74
0 1728 4 68
1 2083 5 75
0 1689 2 70
1 2128 7 57
1 2136 7 68
0 1804 7 63
1 1558 8 75
1 1849 7 60
0 1735 4 55
0 1402 8 67
1 1593 7 52
1 1494 5 73
1 1817 7 52
1 2136 5 61
0 1855 5 84
1 2091 3 58
0 1959 7 60
1 1796 7 60
1 1972 2 71
1 2013 5 70
1 1418 3 60
1 1655 2 80
1 1834 4 60
1 1706 5 72
0 2185 4 58
1 1408 2 52
0 1991 2 83
1 1714 7 88
0 2079 3 58
1 1624 7 83
1 1729 6 55
0 2130 2 64
0 2159 2 73
1 1549 5 71
1 1595 3 61
1 2026 2 52
1 2196 5 59
1 1900 3 85
1 1712 8 51
0 1452 5 66
1 1493 4 59
1 1503 5 73
1 1770 6 76
1 2099 8 57
1 1755 5 51
1 1508 4 69
1 1553 8 54
1 2139 4 74
1 2086 3 89
0 1964 5 53
0 1920 3 60
0 2181 8 71
1 1752 2 59
0 1483 6 84
0 1787 4 61
0 2010 5 61
1 2013 7 79
1 2145 7 55
1 1887 5 73
1 1974 6 86
0 2073 7 53
0 1667 6 64
1 1841 2 89
0 2082 4 55
1 1936 2 89
1 1615 7 58
1 2106 4 50
0 1440 8 67
1 1967 5 57
1 1746 3 88
1 2103 5 63
1 1843 5 76
0 2191 8 60
1 2123 8 87
1 2141 6 87
1 2003 3 85
1 2045 7 76
0 1991 3 66
0 1531 4 69
1 1763 7 54
1 2099 2 58
1 2097 5 88
0 1708 7 52
1 2121 2 83
1 1983 4 79
1 1615 3 67
1 1573 8 72
1 1990 3 52
0 2096 3 76
1 1620 4 64
0 1628 6 56
1 2055 7 74
1 1677 4 65
0 2157 8 83
0 1997 7 70
1 2047 2 69
0 2006 7 86
0 1426 4 57
1 1655 2 69
1 1804 6 84
0 2179 6 84
0 1435 5 64
1 1994 2 82
1 1521 2 69
1 1926 5 50
1 1551 5 72
1 1591 5 68
1 1742 3 84
1 1953 7 85
1 2081 7 67
1 1544 7 52
1 1565 3 65
0 1756 8 58
1 1993 2 62
1 2067 7 62
1 1784 0 0