5 547 24 2442 66 6635
7 2736 99 33175
1000
1 583 4 28
0 545 6 26
0 221 4 26
0 543 6 26
1 596 5 28
0 336 7 20
0 556 5 25
1 281 6 22
1 262 4 26
1 355 4 21
1 359 7 28
1 463 5 24
1 319 5 25
1 201 5 22
1 339 4 23
0 238 6 20
1 586 5 28
0 443 7 22
0 216 4 28
1 337 4 23
1 587 7 21
1 276 6 23
1 451 4 29
0 242 7 25
1 552 7 23
1 207 6 27
0 202 5 24
1 505 4 25
1 518 5 25
1 396 4 22
0 383 7 23
0 396 4 22
1 357 4 23
1 549 7 28
0 362 5 24
0 416 6 26
0 486 6 22
1 455 4 20
0 225 6 28
1 382 5 27
0 260 4 28
0 264 5 28
1 467 7 29
1 406 4 29
1 418 7 27
0 513 7 24
1 371 4 22
1 411 6 28
0 318 5 29
1 470 7 22
1 555 6 20
0 203 4 20
0 539 7 23
1 223 6 21
0 261 7 29
1 342 7 25
0 525 4 24
1 545 4 20
0 233 6 24
1 367 4 21
0 496 7 21
0 260 7 26
1 468 4 23
0 463 6 21
1 217 5 26
1 466 4 26
0 374 5 21
1 214 6 20
1 245 7 20
1 272 4 20
1 251 7 25
0 480 6 22
1 439 4 25
1 544 5 26
1 549 6 25
1 534 6 24
1 427 6 24
1 594 5 25
0 200 6 20
1 210 4 29
1 546 4 20
1 571 4 25
0 434 7 29
0 550 4 24
1 521 5 20
0 585 5 28
1 243 7 22
0 587 4 24
1 220 5 21
0 382 5 23
0 413 4 22
0 259 7 23
1 589 5 27
1 540 4 24
0 537 4 25
0 346 5 24
0 322 4 23
1 218 4 20
0 524 7 20
1 431 4 20
1 550 6 29
0 433 4 22
1 515 4 28
1 250 4 24
0 402 5 25
0 387 5 25
1 277 7 26
0 283 4 21
0 454 7 26
1 310 5 28
0 329 6 23
0 265 6 29
0 542 6 27
1 568 4 24
0 380 5 24
0 223 4 28
1 419 5 20
0 464 7 22
1 443 6 22
1 429 5 29
1 205 7 23
1 408 5 28
1 429 6 26
1 344 7 27
0 370 4 21
0 309 4 24
1 227 7 24
0 243 5 26
0 588 5 28
1 503 7 20
1 467 6 29
1 271 5 25
1 324 6 21
1 305 5 20
1 392 5 25
1 259 5 21
1 311 7 26
1 339 4 26
1 447 5 26
0 501 6 28
0 363 6 23
1 544 6 28
1 514 6 25
0 330 6 20
1 489 5 28
1 324 7 24
1 544 6 20
1 534 6 24
0 400 6 21
0 526 7 27
1 589 7 21
1 437 7 20
1 381 7 26
0 318 6 20
1 224 6 24
1 349 5 28
1 405 7 25
0 327 5 20
0 373 6 23
0 523 7 23
1 206 4 25
0 372 6 20
1 553 7 29
0 285 5 24
1 418 4 27
1 500 5 24
0 212 5 20
1 394 5 29
0 228 7 29
1 559 4 27
1 323 4 21
1 501 4 21
0 442 6 21
1 574 6 29
1 206 5 24
0 235 6 25
1 428 7 22
0 213 7 28
0 240 4 22
0 462 6 23
1 206 6 22
0 237 7 24
0 313 6 26
1 223 4 27
1 365 6 25
1 431 7 29
1 464 7 24
1 558 7 28
1 322 6 24
0 599 7 28
0 282 6 29
0 325 5 25
0 530 5 23
0 390 6 21
0 290 4 21
1 569 6 23
0 352 6 23
0 325 4 26
1 246 6 24
1 353 4 25
1 218 7 29
1 481 5 27
1 265 5 29
0 408 7 24
1 310 7 28
0 297 6 22
1 392 6 22
1 324 5 20
1 446 4 27
1 224 6 27
0 523 6 26
1 331 6 21
1 556 6 22
1 318 4 27
1 206 4 20
0 508 6 24
1 357 4 22
1 362 6 27
1 290 7 26
0 202 4 26
0 439 6 29
1 591 6 21
1 597 4 20
0 297 7 24
1 311 5 27
1 523 7 29
1 567 5 28
0 220 6 28
1 276 7 25
1 445 5 23
0 387 4 27
1 428 4 27
1 327 4 24
0 349 7 24
0 363 4 25
0 550 6 28
1 343 5 23
0 522 4 28
1 300 5 27
1 549 5 28
0 385 7 27
1 231 7 29
0 367 4 20
1 359 6 20
0 589 6 20
0 364 5 23
1 303 6 23
0 580 5 25
0 218 4 21
0 487 4 25
1 200 5 24
1 566 5 25
1 320 4 20
1 498 5 22
1 360 4 25
1 407 4 25
0 307 4 27
0 429 7 22
1 574 4 28
0 214 4 27
1 223 7 21
0 502 7 26
0 314 7 22
0 433 5 23
0 485 4 22
1 331 4 23
1 435 7 24
0 243 7 27
0 492 7 20
0 581 7 26
0 593 6 20
0 339 6 21
1 327 6 20
0 342 5 24
1 339 4 23
0 516 6 21
1 539 4 25
1 436 5 22
1 317 4 21
0 281 5 20
1 364 7 29
1 203 4 27
0 334 4 28
0 305 5 26
1 328 5 23
1 377 6 26
1 559 5 26
1 282 4 26
0 387 6 24
0 417 6 26
1 226 5 21
1 264 6 26
0 565 7 25
1 503 5 23
1 482 6 21
0 394 7 22
1 490 7 23
1 572 4 22
1 344 6 24
0 294 7 26
1 523 4 21
1 352 6 26
0 555 7 24
0 256 5 21
0 225 6 22
1 270 7 22
1 410 7 21
1 206 5 28
1 250 4 21
1 537 7 21
0 263 7 23
1 200 6 25
0 229 5 24
1 473 4 28
0 322 4 23
0 427 5 29
1 302 5 20
0 462 4 22
0 211 4 24
1 393 7 21
0 567 4 29
0 299 6 27
0 539 7 24
1 388 7 24
0 267 5 28
0 433 6 25
1 348 5 28
0 228 6 29
0 492 5 23
0 466 7 24
0 427 7 22
0 485 4 27
1 577 6 25
0 429 4 22
0 301 4 21
1 267 5 28
0 453 6 26
1 410 4 27
1 533 4 28
1 553 4 28
1 346 4 23
0 246 6 24
1 232 5 24
0 507 4 24
1 591 4 22
1 201 7 24
1 266 4 25
1 424 4 25
0 389 5 27
1 288 6 26
1 485 6 20
1 429 4 23
1 288 5 27
1 519 7 27
1 465 5 23
0 268 6 24
1 409 6 26
1 350 5 29
1 444 6 25
1 219 7 20
1 497 5 23
1 506 7 21
0 448 5 21
1 449 6 23
0 308 7 25
1 286 5 29
1 344 5 24
0 429 4 28
0 403 4 20
1 352 4 23
1 522 5 28
0 206 5 20
1 586 7 24
0 295 6 28
1 487 6 27
1 553 6 27
1 571 4 24
0 345 5 25
1 235 7 26
1 401 5 29
0 527 6 21
0 461 5 25
0 342 4 22
1 262 5 26
0 343 6 21
0 331 6 26
1 411 7 23
1 246 6 27
1 463 5 26
1 556 4 23
0 417 7 27
0 312 7 26
1 302 6 25
1 389 4 20
1 285 6 23
0 592 4 25
0 435 7 24
1 267 5 28
0 454 5 20
0 464 7 28
1 508 4 25
1 330 5 24
1 499 6 29
0 388 4 23
1 397 4 20
1 248 4 20
1 339 5 21
0 211 6 21
0 597 6 25
1 478 4 23
1 434 5 21
1 347 7 29
1 480 7 23
0 572 5 22
1 586 6 22
1 469 6 29
1 251 6 21
1 425 7 29
0 479 4 23
1 498 7 24
1 427 4 20
0 545 4 25
0 562 6 24
0 429 5 20
0 320 6 24
0 306 5 22
0 562 4 28
1 442 5 26
1 217 6 24
0 264 4 21
1 323 5 21
1 387 4 21
1 541 6 23
1 232 7 29
1 328 6 22
1 279 6 24
1 400 4 25
1 474 4 23
1 568 6 24
1 536 4 21
0 292 7 26
1 200 4 22
1 465 6 23
1 587 6 20
1 594 5 27
0 364 6 22
0 473 6 27
1 397 7 27
1 272 7 23
1 247 5 23
1 430 5 26
0 216 7 22
1 348 4 24
1 413 4 28
1 274 6 24
1 387 4 23
1 564 6 27
0 277 4 29
1 591 6 23
1 554 4 24
1 260 5 20
0 511 5 22
1 414 4 24
0 347 6 23
1 447 4 24
0 239 4 26
1 539 6 25
0 495 4 20
1 305 6 21
1 219 5 26
0 367 5 28
1 382 7 24
0 489 5 20
0 287 7 28
1 397 4 24
1 384 7 25
1 328 7 24
0 386 6 20
0 353 7 23
1 210 6 25
1 265 6 20
0 234 6 24
1 422 4 28
1 427 6 24
0 472 4 27
1 325 6 24
1 211 6 20
1 408 7 27
1 564 6 27
1 575 7 24
0 267 5 26
1 584 6 22
0 552 4 23
0 572 6 21
1 386 7 22
0 591 7 24
1 280 7 21
0 498 5 20
1 413 7 21
0 430 4 20
0 252 4 24
0 472 7 25
1 392 4 27
1 396 5 28
1 316 4 23
1 489 7 24
1 587 6 21
1 407 5 21
0 507 5 28
0 290 4 23
1 595 5 27
1 374 6 20
1 432 4 20
0 565 5 23
0 377 5 25
0 440 4 26
1 556 6 26
1 226 6 29
0 289 5 28
0 575 6 28
1 248 5 25
1 522 4 20
1 245 6 20
1 453 7 26
1 430 5 20
1 455 6 29
1 433 7 27
1 203 4 21
0 327 4 25
0 418 7 24
1 348 4 20
1 256 6 23
1 237 5 24
1 244 4 29
1 513 5 29
1 561 4 22
0 511 4 21
1 308 4 28
1 321 7 25
0 253 7 25
1 284 7 28
1 293 6 22
1 582 4 27
1 447 5 21
1 468 7 25
0 523 7 27
1 432 7 27
1 288 7 28
0 537 5 26
0 452 7 26
1 544 4 21
0 444 6 23
0 395 6 22
1 587 5 20
0 397 6 21
1 223 6 21
0 307 7 24
1 413 4 29
0 290 5 26
0 396 4 23
0 573 5 26
1 253 6 27
0 500 5 23
1 376 4 21
1 536 4 20
0 416 7 20
1 524 6 27
0 497 4 21
1 581 6 27
0 565 5 20
1 453 6 22
1 286 4 24
0 343 6 22
0 541 6 21
0 379 6 27
0 276 7 21
0 264 7 21
1 481 5 27
1 380 7 25
1 408 4 26
0 430 6 24
1 557 4 28
1 478 7 26
1 344 4 25
1 533 4 22
1 246 4 21
1 573 5 22
0 405 6 25
1 304 7 29
1 237 7 22
0 333 5 20
1 369 7 28
1 506 4 29
0 506 4 27
0 208 6 20
0 233 4 23
0 257 5 23
1 329 5 23
0 324 6 25
1 332 7 27
1 400 4 29
0 294 5 21
0 463 4 24
1 367 6 28
0 256 6 29
0 243 5 20
1 471 4 25
1 289 5 27
1 349 7 29
1 368 7 26
0 260 7 28
0 267 5 20
1 247 7 20
0 554 5 26
1 598 6 27
1 462 7 29
1 240 7 25
0 223 4 25
1 347 6 28
1 537 6 26
0 598 5 20
1 298 7 21
1 340 7 21
1 523 7 23
1 242 4 28
1 362 7 27
0 365 7 22
0 490 6 21
1 499 5 24
1 526 4 20
1 508 4 23
0 597 6 21
1 472 5 29
0 516 5 23
1 261 4 29
0 571 6 26
1 445 7 23
1 335 4 22
0 396 4 29
0 516 4 21
0 517 4 21
0 340 7 28
1 421 6 25
1 345 5 28
1 557 4 26
0 438 6 24
1 283 4 24
0 355 5 23
0 538 6 21
1 354 4 24
0 459 6 24
1 437 7 22
1 535 6 20
1 375 5 29
1 209 7 28
1 374 7 20
0 231 5 21
1 367 5 25
0 242 5 21
1 335 5 20
1 573 7 24
1 315 4 25
1 451 6 28
0 414 5 20
0 543 6 22
1 343 4 28
0 253 5 21
0 399 5 23
1 387 4 22
0 435 4 23
0 324 5 29
1 232 7 25
0 448 4 25
1 237 7 20
0 582 6 22
1 512 7 27
1 295 6 25
0 374 6 28
1 406 5 20
1 343 5 28
1 522 6 21
1 442 7 26
1 209 7 28
0 217 7 22
1 569 5 22
0 420 6 22
0 394 4 22
0 564 7 29
1 514 6 26
1 481 6 24
1 347 5 29
1 474 5 26
1 566 4 29
1 220 6 27
0 389 7 25
1 350 4 21
0 440 5 26
1 237 7 25
1 260 4 23
1 587 7 24
1 455 7 23
1 368 7 28
1 562 5 29
0 356 6 20
1 449 7 24
1 498 4 28
1 303 5 22
1 320 6 20
1 493 6 24
0 258 5 29
0 339 6 25
1 278 7 25
0 575 7 20
1 208 5 23
0 436 7 22
1 553 7 23
1 269 4 27
0 594 4 23
1 222 7 28
0 362 6 23
1 540 5 28
1 202 6 24
1 296 4 26
0 418 5 29
1 327 5 27
0 561 5 21
1 258 4 21
1 341 7 26
1 385 7 25
1 423 5 20
0 301 7 27
0 481 6 25
1 416 5 22
1 477 4 20
1 328 6 26
1 547 5 23
1 501 4 27
1 584 6 25
0 533 5 21
1 391 4 21
0 576 7 28
1 293 7 26
1 247 4 28
0 429 4 21
1 360 6 27
1 348 5 24
1 368 5 25
1 382 6 29
0 409 6 27
1 217 7 24
1 513 6 23
0 556 7 21
0 312 5 21
1 362 4 27
0 299 7 21
0 320 7 23
0 593 5 29
1 347 7 28
0 436 5 22
1 216 7 26
0 222 5 24
1 399 4 23
0 573 4 26
1 490 7 26
0 588 7 22
0 549 5 29
0 377 7 27
1 238 5 28
1 318 6 21
0 262 7 28
1 538 6 28
0 572 4 26
1 571 5 29
1 341 6 25
0 535 6 26
0 341 4 24
1 210 4 29
1 365 5 21
1 369 6 27
1 257 6 24
0 308 4 28
1 473 4 27
1 507 6 26
1 465 7 28
1 572 4 28
1 461 4 26
1 582 6 27
0 200 5 21
0 445 7 24
1 396 4 21
0 479 4 28
1 529 7 28
0 407 4 22
0 345 7 28
0 550 5 25
0 521 5 26
1 400 7 26
0 245 4 28
0 443 5 28
1 469 4 26
1 529 5 27
0 530 7 29
1 227 6 29
0 445 5 27
0 359 5 26
0 369 6 22
1 430 7 29
1 478 6 20
0 542 4 21
1 252 4 23
1 446 4 22
0 522 5 20
0 426 7 28
0 586 4 21
1 572 5 29
1 203 4 26
1 304 5 20
1 341 7 21
1 474 4 26
1 439 5 26
0 579 7 21
0 516 4 24
1 348 5 20
1 505 7 20
1 272 7 20
0 381 6 24
0 424 7 28
1 439 6 29
1 470 6 29
1 311 6 23
0 259 6 26
0 328 6 23
0 450 5 25
1 255 4 26
1 300 7 29
1 241 7 20
0 258 4 29
1 298 6 25
1 418 6 23
1 275 4 27
0 383 6 25
1 526 4 22
0 300 6 22
1 219 6 22
0 482 5 24
0 263 5 20
0 333 7 20
0 543 6 27
1 221 5 23
1 399 6 21
1 327 4 21
0 393 4 27
1 488 7 27
1 257 5 28
0 527 5 23
0 264 6 26
1 232 6 25
1 377 4 26
1 527 4 20
1 566 5 27
0 441 6 22
0 309 7 29
0 224 4 25
0 594 6 21
0 551 4 20
0 489 5 29
1 340 5 24
1 477 7 28
1 356 6 27
1 582 4 29
1 410 5 22
0 550 5 28
1 574 5 24
1 597 7 27
1 338 7 25
1 219 5 23
0 500 4 28
1 299 4 21
0 401 4 24
1 356 4 24
1 213 6 21
0 456 6 21
1 471 7 29
1 228 5 22
0 317 5 29
1 569 5 26
1 555 7 24
1 469 6 29
0 268 6 23
1 212 7 22
0 269 7 24
1 535 7 27
1 342 5 25
1 518 6 27
1 435 7 29
0 310 7 21
0 468 5 25
1 490 7 29
1 248 7 28
1 238 4 27
0 363 4 29
1 469 5 24
1 274 4 29
0 367 6 27
1 301 5 29
0 432 6 29
0 363 7 23
1 249 7 24
0 350 6 22
0 422 7 25
1 383 7 29
1 373 5 22
0 408 6 21
0 370 7 22
1 575 5 29
1 379 4 29
1 595 4 27
0 549 4 29
1 540 4 21
1 204 4 26
1 274 6 20
1 266 4 25
1 584 5 28
1 396 7 24
1 551 5 22
1 527 7 22
0 250 6 27
0 577 6 22
0 204 6 23
0 215 7 22
0 563 6 27
1 460 6 28
1 351 7 20
0 315 5 28
1 569 6 28
0 430 4 26
0 319 6 27
0 381 6 21
1 240 5 21
0 229 5 28
0 331 7 24
0 469 5 29
0 238 7 29
1 309 5 27
1 452 5 22
1 501 4 29
0 459 5 28
1 577 7 23
1 424 7 22
1 331 4 24
0 508 6 23
1 367 5 24
1 384 7 22
1 353 7 20
1 397 5 25
1 302 7 28
0 534 7 28
1 316 5 25
1 212 6 26
1 380 5 21
1 513 7 24
1 594 7 29
1 291 6 23
1 451 5 22
1 234 4 28
1 445 5 23
1 449 6 26
1 342 5 20
0 547 4 29
0 417 4 20
1 472 7 21
0 578 5 28
1 381 6 22
1 402 5 24
1 409 5 23
1 526 5 26
1 532 4 22
0 266 6 24
1 341 5 27
0 248 5 26
1 204 4 25
0 336 4 22
1 318 7 27
1 348 7 22
1 236 4 22
0 499 7 28
1 328 6 25
1 211 6 26
1 546 7 20
1 582 6 21
1 293 7 25
1 569 4 24
1 323 6 28
1 345 4 21
1 597 5 25
0 286 6 25
0 332 7 21
0 422 4 29
0 326 5 24
0 476 0 0 